690.088943 125530 63248 0 0 0 0 0 0 3.815213 2.692834
692.029222 126409 63587 0 0 0 0 0 0 3.812178 2.692836
694.016503 126692 63741 0 0 0 0 0 0 3.809087 2.692815
696.090498 127571 64206 0 0 0 0 0 0 3.805898 2.692816
698.023830 128535 64713 0 0 0 0 0 0 3.802906 2.692816
700.002363 129798 65437 0 0 0 0 0 0 3.799883 2.692837
702.082010 130958 66107 0 0 0 0 0 0 3.796746 2.692822
704.031805 132659 67170 0 0 0 0 0 0 3.793773 2.692831
704.522340 133965 67981 0 0 0 0 0 0 3.793039 2.692844
705.023904 135319 68863 0 0 0 0 0 0 3.792286 2.692791
705.519518 136606 69785 0 0 0 0 0 0 3.791541 2.692850
706.017009 137879 70885 0 0 0 0 0 0 3.790795 2.692838
706.165237 138001 71271 0 0 0 0 0 0 3.790572 2.692836
706.313537 138033 71600 0 0 0 0 0 0 3.790365 2.692805
706.459629 138086 72053 0 0 0 0 0 0 3.790148 2.692800
706.606344 138026 72581 0 0 0 0 0 0 3.789922 2.692834
706.759551 138427 73632 0 0 0 0 0 0 3.789688 2.692837
706.910302 138527 75002 0 0 0 0 0 0 3.789460 2.692808
707.062924 138705 77284 0 0 0 0 0 0 3.789235 2.692823
707.211693 138333 80636 0 0 0 0 0 0 3.789009 2.692823
707.362489 138537 85564 0 0 0 0 0 0 3.788786 2.692809
707.523829 138795 91635 0 0 0 0 0 0 3.788556 2.692809
707.673968 138554 97991 0 0 0 0 0 0 3.788319 2.692818
707.822714 138814 104357 0 0 0 0 0 0 3.788085 2.692848
707.998576 139090 110416 0 0 0 0 0 0 3.787838 2.692836
708.152623 139041 114823 0 0 0 0 0 0 3.787621 2.692812
708.298907 138816 118478 0 0 0 0 0 0 3.787406 2.692831
708.459223 139014 122105 0 0 0 0 0 0 3.787173 2.692792
708.612516 139265 124935 0 0 0 0 0 0 3.786944 2.692800
708.774815 139113 126804 0 0 0 0 0 0 3.786671 2.692797
708.930651 139419 127742 0 0 0 0 0 0 3.786453 2.692802
709.076465 139596 127610 0 0 0 0 0 0 3.786227 2.692854
709.247018 139650 126577 0 0 0 0 0 0 3.785994 2.692812
709.380374 139777 125350 0 0 0 0 0 0 3.785793 2.692832
709.534025 139593 123377 0 0 0 0 0 0 3.785571 2.692810
709.679133 139700 121385 0 0 0 0 0 0 3.785344 2.692812
709.838750 139741 119291 0 0 0 0 0 0 3.785117 2.692788
709.954135 139955 117653 0 0 0 0 0 0 3.784918 2.692833
710.133963 139715 115401 0 0 0 0 0 0 3.784681 2.692794
710.257516 139983 114195 0 0 0 0 0 0 3.784491 2.692860
710.400097 140103 112785 0 0 0 0 0 0 3.784281 2.692808
710.543867 139912 111264 0 0 0 0 0 0 3.784064 2.692795
710.690400 140177 110245 0 0 0 0 0 0 3.783841 2.692801
710.841016 140308 109256 0 0 0 0 0 0 3.783621 2.692819
710.999322 140341 108351 0 0 0 0 0 0 3.783409 2.692804
711.122730 140359 107599 0 0 0 0 0 0 3.783218 2.692834
711.280369 140277 106727 0 0 0 0 0 0 3.782988 2.692816
711.419847 140438 106130 0 0 0 0 0 0 3.782776 2.692832
711.583137 140599 105453 0 0 0 0 0 0 3.782549 2.692843
711.712852 140161 104383 0 0 0 0 0 0 3.782335 2.692790
711.880903 140387 103681 0 0 0 0 0 0 3.782083 2.692798
712.030926 140590 103020 0 0 0 0 0 0 3.781861 2.692816
712.328218 140496 101391 0 0 0 0 0 0 3.781447 2.692823
712.621419 140543 99813 0 0 0 0 0 0 3.781009 2.692817
712.924095 140698 98333 0 0 0 0 0 0 3.780553 2.692799
713.213504 140677 97034 0 0 0 0 0 0 3.780126 2.692823
713.509909 140993 96195 0 0 0 0 0 0 3.779703 2.692797
713.815928 140848 95362 0 0 0 0 0 0 3.779237 2.692822
714.119338 140784 94602 0 0 0 0 0 0 3.778799 2.692814
714.425535 140958 94111 0 0 0 0 0 0 3.778350 2.692849
714.737302 141064 93669 0 0 0 0 0 0 3.777892 2.692802
715.055453 140929 93125 0 0 0 0 0 0 3.777449 2.692821
715.368693 141165 92792 0 0 0 0 0 0 3.776961 2.692813
715.677286 141049 92298 0 0 0 0 0 0 3.776516 2.692817
715.990954 141006 91873 0 0 0 0 0 0 3.776067 2.692799
716.291552 140883 91405 0 0 0 0 0 0 3.775626 2.692789
716.583254 140835 91024 0 0 0 0 0 0 3.775206 2.692788
716.872202 140994 90796 0 0 0 0 0 0 3.774785 2.692800
717.162350 140952 90470 0 0 0 0 0 0 3.774357 2.692826
717.448652 140821 90133 0 0 0 0 0 0 3.773946 2.692799
717.734739 140676 89841 0 0 0 0 0 0 3.773536 2.692805
718.048215 140857 89810 0 0 0 0 0 0 3.773101 2.692802
718.234196 140487 89520 0 0 0 0 0 0 3.772829 2.692830
718.412926 140219 89335 0 0 0 0 0 0 3.772540 2.692833
718.654492 139984 89233 0 0 0 0 0 0 3.772218 2.692798
718.831005 139935 89312 0 0 0 0 0 0 3.771965 2.692822
719.021674 139635 89354 0 0 0 0 0 0 3.771663 2.692824
719.238703 139380 89632 0 0 0 0 0 0 3.771355 2.692808
719.440943 139091 90109 0 0 0 0 0 0 3.771078 2.692789
719.626948 138836 90982 0 0 0 0 0 0 3.770806 2.692816
719.814971 138533 92542 0 0 0 0 0 0 3.770526 2.692820
720.023898 138221 95309 0 0 0 0 0 0 3.770224 2.692783
720.223815 138252 99213 0 0 0 0 0 0 3.769941 2.692829
720.436962 138091 103818 0 0 0 0 0 0 3.769643 2.692796
720.609245 137747 107578 0 0 0 0 0 0 3.769378 2.692809
720.814990 137458 111278 0 0 0 0 0 0 3.769080 2.692802
721.038746 137139 114068 0 0 0 0 0 0 3.768774 2.692811
721.232541 136733 115772 0 0 0 0 0 0 3.768491 2.692817
721.426631 136427 116877 0 0 0 0 0 0 3.768196 2.692830
721.646955 136480 117460 0 0 0 0 0 0 3.767881 2.692812
721.856745 136211 116972 0 0 0 0 0 0 3.767608 2.692782
722.056916 135881 115733 0 0 0 0 0 0 3.767315 2.692824
722.273266 135632 113924 0 0 0 0 0 0 3.766997 2.692799
722.485721 135307 111763 0 0 0 0 0 0 3.766694 2.692837
722.692787 134907 109611 0 0 0 0 0 0 3.766415 2.692818
722.894038 134615 107355 0 0 0 0 0 0 3.766100 2.692826
723.095391 134476 105511 0 0 0 0 0 0 3.765814 2.692795
723.297993 134186 103649 0 0 0 0 0 0 3.765529 2.692847
723.495453 133840 101941 0 0 0 0 0 0 3.765257 2.692831
723.689249 133577 100315 0 0 0 0 0 0 3.764961 2.692823
723.878943 133347 99010 0 0 0 0 0 0 3.764708 2.692822
724.067511 132884 97631 0 0 0 0 0 0 3.764456 2.692830
724.243428 132577 96389 0 0 0 0 0 0 3.764180 2.692815
724.458538 132287 95155 0 0 0 0 0 0 3.763874 2.692842
724.653032 131899 94043 0 0 0 0 0 0 3.763603 2.692835
724.852211 131712 93188 0 0 0 0 0 0 3.763335 2.692815
725.030977 131341 92261 0 0 0 0 0 0 3.763071 2.692795
725.532117 131105 90627 0 0 0 0 0 0 3.762343 2.692792
726.038687 130762 89312 0 0 0 0 0 0 3.761658 2.692842
726.539360 130489 88274 0 0 0 0 0 0 3.760927 2.692818
727.026621 130060 87324 0 0 0 0 0 0 3.760215 2.692833
727.526797 129728 86604 0 0 0 0 0 0 3.759538 2.692837
728.030019 129267 85833 0 0 0 0 0 0 3.758836 2.692801
728.546582 129009 85256 0 0 0 0 0 0 3.758095 2.692793
729.059234 128536 84571 0 0 0 0 0 0 3.757360 2.692799
729.605618 128188 83996 0 0 0 0 0 0 3.756613 2.692780
730.102414 127728 83385 0 0 0 0 0 0 3.755916 2.692826
732.043080 127237 82040 0 0 0 0 0 0 3.753204 2.692820
734.032703 126483 80880 0 0 0 0 0 0 3.750436 2.692821
736.066966 125651 79844 0 0 0 0 0 0 3.747621 2.692829
738.092032 125010 79016 0 0 0 0 0 0 3.744844 2.692811
740.041366 124343 78183 0 0 0 0 0 0 3.742178 2.692793
742.027172 123971 77464 0 0 0 0 0 0 3.739475 2.692822
744.079071 123569 76782 0 0 0 0 0 0 3.736687 2.692810
746.081664 123480 76386 0 0 0 0 0 0 3.734023 2.692817
748.039908 123405 76076 0 0 0 0 0 0 3.731400 2.692811
750.019862 123631 75929 0 0 0 0 0 0 3.728750 2.692824
