690.097965 135431 74925 0 0 0 0 0 0 3.815193 2.692838
692.055801 135868 74745 0 0 0 0 0 0 3.812166 2.692871
694.017987 136398 74766 0 0 0 0 0 0 3.809080 2.692805
696.086009 137492 75136 0 0 0 0 0 0 3.805889 2.692823
698.018068 138732 75590 0 0 0 0 0 0 3.802923 2.692814
700.001223 140465 76337 0 0 0 0 0 0 3.799877 2.692838
702.068147 141635 76897 0 0 0 0 0 0 3.796762 2.692845
704.033692 143425 78008 0 0 0 0 0 0 3.793775 2.692813
704.525255 144511 78738 0 0 0 0 0 0 3.793033 2.692828
705.031431 145549 79537 0 0 0 0 0 0 3.792280 2.692808
705.525723 146435 80416 0 0 0 0 0 0 3.791534 2.692827
706.030777 147220 81602 0 0 0 0 0 0 3.790789 2.692794
706.173723 147156 81900 0 0 0 0 0 0 3.790581 2.692815
706.320634 147213 82357 0 0 0 0 0 0 3.790361 2.692818
706.461276 147232 82950 0 0 0 0 0 0 3.790149 2.692811
706.602786 147171 83797 0 0 0 0 0 0 3.789915 2.692812
706.772931 147387 85406 0 0 0 0 0 0 3.789669 2.692844
706.908801 147420 87542 0 0 0 0 0 0 3.789454 2.692799
707.064769 147444 91547 0 0 0 0 0 0 3.789220 2.692800
707.217153 147214 97330 0 0 0 0 0 0 3.789001 2.692836
707.367511 147215 104509 0 0 0 0 0 0 3.788799 2.692799
707.520971 147446 115584 0 0 0 0 0 0 3.788545 2.692819
707.679927 147214 128002 0 0 0 0 0 0 3.788294 2.692822
707.850505 147413 141322 0 0 0 0 0 0 3.788058 2.692842
708.001073 147451 153996 0 0 0 0 0 0 3.787847 2.692792
708.154080 147521 167314 0 0 0 0 0 0 3.787627 2.692808
708.303466 147533 179738 0 0 0 0 0 0 3.787405 2.692796
708.458136 147435 190392 0 0 0 0 0 0 3.787174 2.692802
708.614119 147648 198114 0 0 0 0 0 0 3.786941 2.692827
708.776109 147347 200556 0 0 0 0 0 0 3.786691 2.692826
708.933327 147630 198279 0 0 0 0 0 0 3.786441 2.692823
709.086817 147691 192593 0 0 0 0 0 0 3.786233 2.692807
709.223960 147613 183806 0 0 0 0 0 0 3.786010 2.692787
709.387075 147685 173412 0 0 0 0 0 0 3.785769 2.692836
709.548918 147679 164249 0 0 0 0 0 0 3.785553 2.692819
709.684630 147526 156458 0 0 0 0 0 0 3.785352 2.692814
709.835079 147523 148916 0 0 0 0 0 0 3.785130 2.692801
709.978601 147640 142484 0 0 0 0 0 0 3.784904 2.692804
710.127505 147452 136784 0 0 0 0 0 0 3.784681 2.692823
710.262602 147600 132652 0 0 0 0 0 0 3.784480 2.692821
710.406303 147617 128990 0 0 0 0 0 0 3.784280 2.692818
710.542736 147695 125731 0 0 0 0 0 0 3.784073 2.692817
710.697251 147365 122377 0 0 0 0 0 0 3.783846 2.692805
710.835861 147413 119788 0 0 0 0 0 0 3.783629 2.692823
710.988828 147535 117534 0 0 0 0 0 0 3.783404 2.692792
711.134706 147472 115403 0 0 0 0 0 0 3.783183 2.692816
711.282381 147382 113498 0 0 0 0 0 0 3.782962 2.692821
711.429457 147441 112110 0 0 0 0 0 0 3.782779 2.692800
711.577365 147325 110298 0 0 0 0 0 0 3.782536 2.692802
711.731135 147329 108850 0 0 0 0 0 0 3.782310 2.692803
711.887493 147216 107446 0 0 0 0 0 0 3.782091 2.692816
712.032800 147297 106288 0 0 0 0 0 0 3.781870 2.692819
712.332359 147211 104042 0 0 0 0 0 0 3.781428 2.692799
712.639106 147032 102099 0 0 0 0 0 0 3.780997 2.692818
712.923131 147091 100610 0 0 0 0 0 0 3.780574 2.692824
713.219777 146804 99127 0 0 0 0 0 0 3.780136 2.692808
713.504320 146689 98055 0 0 0 0 0 0 3.779705 2.692826
713.832399 146610 97129 0 0 0 0 0 0 3.779244 2.692816
714.111115 146464 96387 0 0 0 0 0 0 3.778817 2.692834
714.427135 146429 95755 0 0 0 0 0 0 3.778351 2.692804
714.744423 146269 95115 0 0 0 0 0 0 3.777892 2.692790
715.057509 146140 94549 0 0 0 0 0 0 3.777431 2.692792
715.371955 146206 94130 0 0 0 0 0 0 3.776972 2.692808
715.681258 145959 93536 0 0 0 0 0 0 3.776504 2.692810
715.995362 145694 92951 0 0 0 0 0 0 3.776074 2.692804
716.295113 145546 92466 0 0 0 0 0 0 3.775631 2.692819
716.587434 145390 91999 0 0 0 0 0 0 3.775209 2.692827
716.873466 145281 91575 0 0 0 0 0 0 3.774788 2.692833
717.166854 144997 91043 0 0 0 0 0 0 3.774345 2.692808
717.452655 144799 90628 0 0 0 0 0 0 3.773928 2.692817
717.740183 144652 90274 0 0 0 0 0 0 3.773528 2.692834
718.037414 144505 89944 0 0 0 0 0 0 3.773092 2.692819
718.241841 144416 89740 0 0 0 0 0 0 3.772801 2.692830
718.431743 144415 89626 0 0 0 0 0 0 3.772517 2.692811
718.637609 144256 89470 0 0 0 0 0 0 3.772221 2.692834
718.851414 144030 89284 0 0 0 0 0 0 3.771935 2.692837
719.039965 143896 89240 0 0 0 0 0 0 3.771662 2.692828
719.228481 143791 89312 0 0 0 0 0 0 3.771373 2.692825
719.440170 143653 89544 0 0 0 0 0 0 3.771073 2.692841
719.632235 143544 90055 0 0 0 0 0 0 3.770797 2.692836
719.826164 143375 91039 0 0 0 0 0 0 3.770507 2.692807
720.026766 143175 92671 0 0 0 0 0 0 3.770216 2.692846
720.229815 143039 94898 0 0 0 0 0 0 3.769930 2.692790
720.424369 142959 97264 0 0 0 0 0 0 3.769657 2.692781
720.622532 142793 99513 0 0 0 0 0 0 3.769369 2.692831
720.820886 142593 101219 0 0 0 0 0 0 3.769079 2.692829
721.026737 142395 102403 0 0 0 0 0 0 3.768789 2.692820
721.239279 142187 103147 0 0 0 0 0 0 3.768457 2.692802
721.444831 142026 103320 0 0 0 0 0 0 3.768179 2.692792
721.639116 141747 103023 0 0 0 0 0 0 3.767884 2.692841
721.883784 141665 102500 0 0 0 0 0 0 3.767574 2.692819
722.067047 141428 101669 0 0 0 0 0 0 3.767293 2.692801
722.281395 141228 100623 0 0 0 0 0 0 3.766977 2.692845
722.501098 141061 99563 0 0 0 0 0 0 3.766678 2.692799
722.700481 140800 98483 0 0 0 0 0 0 3.766400 2.692834
722.876195 140458 97339 0 0 0 0 0 0 3.766118 2.692779
723.118670 140195 96210 0 0 0 0 0 0 3.765800 2.692799
723.297379 139924 95251 0 0 0 0 0 0 3.765540 2.692835
723.502551 139672 94282 0 0 0 0 0 0 3.765250 2.692803
723.678027 139413 93429 0 0 0 0 0 0 3.764980 2.692869
723.881484 139334 92689 0 0 0 0 0 0 3.764689 2.692811
724.070049 139034 91928 0 0 0 0 0 0 3.764434 2.692826
724.264418 138770 91195 0 0 0 0 0 0 3.764153 2.692799
724.459583 138490 90468 0 0 0 0 0 0 3.763855 2.692816
724.651456 138226 89872 0 0 0 0 0 0 3.763614 2.692831
724.847368 137916 89239 0 0 0 0 0 0 3.763336 2.692831
725.040306 137595 88648 0 0 0 0 0 0 3.763061 2.692816
725.544905 137338 87661 0 0 0 0 0 0 3.762331 2.692817
726.040270 136876 86793 0 0 0 0 0 0 3.761648 2.692827
726.541736 136503 86120 0 0 0 0 0 0 3.760920 2.692817
727.028406 136056 85510 0 0 0 0 0 0 3.760219 2.692807
727.553230 135628 84974 0 0 0 0 0 0 3.759509 2.692856
728.019332 135211 84484 0 0 0 0 0 0 3.758835 2.692832
728.548351 134800 84008 0 0 0 0 0 0 3.758092 2.692825
729.082824 134332 83511 0 0 0 0 0 0 3.757353 2.692816
729.584943 133920 83020 0 0 0 0 0 0 3.756642 2.692797
730.108043 133532 82552 0 0 0 0 0 0 3.755912 2.692803
732.047627 132270 81124 0 0 0 0 0 0 3.753188 2.692784
734.047150 131162 80036 0 0 0 0 0 0 3.750434 2.692804
736.044397 130251 79158 0 0 0 0 0 0 3.747652 2.692799
738.087655 129260 78239 0 0 0 0 0 0 3.744851 2.692802
740.051512 128627 77500 0 0 0 0 0 0 3.742163 2.692817
742.026578 128332 76867 0 0 0 0 0 0 3.739470 2.692822
744.097840 127976 76225 0 0 0 0 0 0 3.736698 2.692819
746.067364 128101 75964 0 0 0 0 0 0 3.734018 2.692796
748.038929 128089 75717 0 0 0 0 0 0 3.731379 2.692815
750.049004 128319 75594 0 0 0 0 0 0 3.728724 2.692798
